$ANSIBLE_VAULT;1.1;AES256
61353032336237303764633535373335656161373865373361373639393361666466303231303936
3932343762663463656535626237323263386136633638620a323234636437373637356439356538
37663339313462386631623930333034353934393231666133303662316265313736616435666664
3339373565646637330a613131363038353132646562356162386364653137653636623830646364
36623961333331306634323165633030646233303333653361393535343730303433366466663833
31343238333762646434333338626436323539396230356535303231386430343366643261633739
39656465383163663735666337623165613939313934393632633236383463343832316439326230
61633965626463363238613563656331623235303832313239353963663038623439333966353166
32306666666232386363306438633466316131373765343039373338353764623535323732653532
63396339383337333565303266373665376338326635626634366365393238653939636136313961
63393933303132346635306365303236373235663938633236373631656431643661383830616662
36366666343239356666333934666339383561633139313066626463666535616162633065623539
39313862636266353737326231386562313537616333373336653033633866636630336334353463
34353134303439346666333939393965636562366162626133353731333332653365333063303739
36666438346433333164313730333666333866666466363930623031356232326261346162643332
62633063326333633961323330326265343533383834623534646464366537616163616266346463
35316438666339336164613166323165626437373238393239323866383864333931323139636564
35333835396230353231373365656566336439643933393536663062313330323434366666393830
34376561346466386139383266303566346637666366346432643361333833313565303331613537
37643265653036613936396539623533326462386334383335373663303439666165653666626661
30636263663134613563383862636130643239333330613739363830303236343464613964303131
31363662613831653335303131653033353333306165346633316164393863343038636631373866
61633939353739663863363232313466616638356135353661363831653833366262316334613536
35643930353933653565663631656538343961643836643037626561623339303064373664363731
32633465393933306437336130626461653664393339613931353933346138383762323134623763
36356333626334393535353462626263326131383666666234383430303532633264363931666664
62373334346336623766663939306161376136626534613164343861326434626632313166343661
32613362653134613436356566353865636236643361626665333438633466383937316461383066
65316630393232316335346364366137396635393430623637333839653864363934306130333836
30383632373838353031356232663830326237373666393838333130636331343634636131313632
39613062326436383737366539323431316366646366623065666632373362343237363132356637
34663262363239363630326335376332626433323063333336653966636632373831636630643732
39636364366165356232346330663863366338393930633032623436396534633939306161333165
30643033383530336138313232616638643064326630333263626631336162373439376366613434
31343232393663636462336536343332613731346265343733666231663336383439633236633032
30623232363533303063646133323765313863383239623637656333633066623863626236316465
62303462363862363839623532666365373231616633343164366632356534663863626462393261
61356661313165313631323063356333366666613262643938656636626164323430333438383531
38623431663834326134343135323631306534373463376665343065316137663031353264363536
34333337383235653834656130393833393434633333626565643661343239643838653765366231
37336431323436326139356234653635306338376566336436316164663435653866373063663163
37626538356532336463386231616434303465353232303861393435386362393839393164333063
37663833343136393237356334643164326236626134383863303937313436393334353430313161
62613031626538623166303538643161393831623066643663343733376664313866623134373932
61346531666264643432326138303335366663636139373938336237333933613033393036363864
32653165336462383437336165353234336136363730623061373061623165656335306435303962
65663466363936363463633564323761626539616631623739616663306635616437633737383764
39303336666635613636373162386430333939316566326266653236646539626532306539333261
35623731383833663937316631306333313536663162663061373330336265333266363464653864
32653161613764613536363166323763383362636465313937366337343633306634353437653439
33653833373261313739616632646637323061666361643835626462613363366335356338363762
34613535356132343232623563363934633538333936663138373232623334306230393738313433
36353963626634393965326638303936643338633662386334323831623264353236623634356535
61656165336462393964626661656630313631653935333263356162386233633161663036636134
62306262626532626361303765396362633662636161656131393638303831323965626364653532
61633339343938303037653630376539663233373936653563336236626262623230373563353130
62313838656137666232383532346263636436663865303032613133636665363931613033363230
30626636343436643931323231333133396163393965396133373866643565633530383637366134
37313164653539333165333863666631356238386430663830396666666236356639373465343131
62613136636264353933633732366238643263383231613961343938613131333637356364376139
61613435306566663465633163393562656635353036386666646662313531373565343134636437
62336663336530636535656462653862643231623861393035366564393864356634383931343038
35643736363733643761323539306464363632333338376135326462303533346164653338313937
32633739386563393830303439316435623031383732623234323938623062306535346662356530
38323065323062366537353639303834636662643232633232383935393964353062346339666539
32396432666164633638323862316233323366343833373330353363643561313037626564663933
30336666623934356632646531303665383335613336643632666664383761326238333830613961
37303134373833353839623061363362336466363332636636626165666331383566313364636536
35333030313631613762353138306362316335333135633236626135383162383264373734383537
32396564626332366634626338653261303661333061633331376433386233396165643838613861
65323665373131363632616231313062613662313332313663633537646632396264636166326461
64333837666635313031613231386632343733613162653435393936666662643531336230373531
63363737356636336264633462653536316532353530643261393939346266626537666132323664
32393964623062623534363438383661346639636630393235333163646534643037616365393565
34613134396231393137393362396430303535363038323766653766396337663631613765323033
39366366663236313561616638363965653332306334353437633461626334306131646430666237
63353930326431613238366461343836346666633466653830323566626530343866376239313238
30366638613561313539383665613539316236383963656137346632353831633538336635613036
32356535313561636163353261383630663966306437663566626136643335653034353837383464
31623835363030666361383034623764643764656162656165376436313732663335376463383565
37336233383362323835633130356334646361326436633730393931653364343438313431626531
35383264653432303938303831306436306263373566346439633332323331646136633364666266
34636462613333666439383532643231373165643064646362336366616333653633336132626430
38666163353036393561626630653433366564306362376262643631666564653031626164353434
36613030366234333365386231353961373437333636626364313235386465636334303632643864
37313838343962316230336533396530333632373861396236613032326439393638636165343965
33303133346363393339303261343734656163323231646639326238366434623337613039383266
38303838383430313532636233636239643966643731393334653632386535613039633435363933
34376230643633396231343434653166613737323261333431316632326261353063313561656630
30303661373665633532386464376633323463666139373835323439343261326361633033323630
65373063656137313333393536333631646637396235626631653537623339383137383635356236
31313132633739306239356331656666373036323662326534626438376331623037316566323035
30303765346434623639626431306331633162636336646136313236636537666230633737363932
35366230303865393338633264653761336361333837316536633033386531356435616234613730
35346234623064373431613132353232316438306264323434323062373138393565303931303831
61323038623562336139353263353736626631653464313132663338303836363663363164353332
66666135333336626530373538643566666430653738306133306530363738666436303466333966
33326565383235393965376563313265376461623864613266643963323634386566303631656466
35656163653037303730346331383862343335343537656465353264656530333531333561396135
62613064373132353231373834323835636438326230653863303962323034343832366435336636
32333536326363393539663864356234303366393132336532336663393038333162373638626264
32393937383939643665373563333665393666393032636664653439373337393764373432653938
38333034393265646266353339336462633537323334633763616534656438656331343233323163
31356530313738343764623563323461356334666635383434326139363834383339653033383463
61643661356231616366653764363539393864333333613464626438313339313832376663353539
34393737613538343963383235663930633731616138383234626264376535353861346565376139
39386634633932346336303239353739646464363233663964356661316561383964656639633466
33626162356465336362383662333734383937316135663933623732653365656132653266383530
64346236653230373136363830373032343264613039396264656435623437333864386530373532
66376431316636316436373866653237393266623531373134353136353866633664626431363638
32623666306165336431663235636636366436643663623035326563333633326162303664366462
38373432313534386231616134383734343361656635393931363562383861363330383662346461
32653035333432323634393565626662653136363231306261633337616439343163663237306333
38396365643865626134393434653838323237643730303533636462336331626132343531326633
33336435343666366239386161653164303435333836626263343535643233346638646437386139
64623664333164633334643562636465333664623666646631636664316364636366623234343964
30336231343635376636633132613032363037336634623961626239623939376536313330643766
39393830383265633739636162343835396362393038386566363664613064343632656437666630
38393438393836383062383333373033313934663836366565653662366137386338316662646638
65653064306563323166386261366137386662393337383939393434363038393737366231643261
61616561646336356335623730343164663333663536613031383730326439333563363365313338
31373035396535623737303430343966333330626436663032626630343834363338313938383037
35353330393031313031643431333435333866323038613061646263393238353962393835383862
33353533633330363661376234356335623164343336663635646639326464636530363237613537
61393762386639663166626538363833633161343565626232623362376338383538353461396465
63386436303632376263636230343534316664656566336465356139393039613237353331323034
37633131646463626631666166396637646436326465386330623263323133303939376661616230
64633265346338346538343238363336653335343565366439346565326435643165373066383262
61616231656666626435393338666162376361353338383536343938633662373739386266393563
66363230313130303338323239623262666534643237636636376134316636303962323237643930
38393865376230373032326261373133383130333932643033356134313239633035313235363932
34343261366135653932396364386665633530636139326133356636363735633436326135383133
34313430303936336335313939303732666161333838383661396464646534333032
