$ANSIBLE_VAULT;1.1;AES256
39313933666264326264633966343730633535353334633530363163336363363932666538343138
3566633666613461303232323030313933636638323337320a333262313634373332326136336261
35323661653366376233346436633838303266306430333135363530643666623237353337346562
6636343534393263300a383031656337323831326434363133306437326438393232366664336235
32666639343738326230313366613666336262356232333631663964323033303264353466343134
37363861366362636561323962613262326261643337613335636531316166383930313730353461
62373230663736343466633965376536613239366334653565363830623564396237303532653761
39373634363937366534386430623964396262663264373437353963383539616265643533623266
61346232333663636237386137346461616639626430636663393639353539653236396665303437
66623138383231366562306230623861323762656366626165616465316534616466303332656639
30643566373435656365356130633961663133663962626533616131623962316661656331396261
61363131396563333261336361336166393534376330633366613964613233633864306131353765
35656432386130333565333836346462653439633231373761313232383263616162656662613732
6264653334613862633731623339373939373438653962333764
